2222222222222222222222222222222222222222222222222222222222222222222222222222
2010101010101010100001010101010101010000101010101010101000010101010101010102
2010101010101010100001010101010101010000101010101010101000010101010101010102
2010101010101010100001010101010101010000101010101010101000010101010101010102
2010101010101010100001010101010101010000101010101010101000010101010101010102
2000000000000000000000000000000000000000000000000000000000000000000000000002
2000000000000000000000000000000000000000000000000000000000000000000000000002
2000000000000000000000000000000000000000000000000000000000000000000000000002
2010101010101010100001010101010101010000101010101010101000010101010101010102
2010101010101010100001010101010101010000101010101010101000010101010101010102
2010101010101010100001010101010101010000101010101010101000010101010101010102
2010101010101010100001010101010101010000101010101010101000010101010101010102
2222222222222222222222222222222222222222222222222222222222222222222222222222